32
23 28 0 
28 23 0 
18 23 29 6 4 28 19 20 33 
23 18 33 20 19 28 4 6 29 
14 5 23 34 5 4 27 16 2 1 
5 14 1 2 16 27 4 5 34 23 
40 5 26 7 0 1 
5 40 1 0 7 26 
4 20 9 28 4 5 34 32 
20 4 32 34 5 4 28 9 
4 1 0 
1 4 0 
5 41 1 2 16 27 4 6 24 25 
41 5 25 24 6 4 27 16 2 1 
5 9 0 
9 5 0 
22 33 14 13 36 31 30 
33 22 30 31 36 13 14 
32 4 10 12 21 6 4 28 9 
4 32 9 28 4 6 21 12 10 
10 5 0 
5 10 0 
23 11 33 20 18 16 2 0 8 
11 23 8 0 2 16 18 20 33 
33 11 0 
11 33 0 
29 32 11 10 
32 29 10 11 
11 29 8 0 2 16 27 4 6 21 12 11 
29 11 11 12 21 6 4 27 16 2 0 8 
29 5 11 12 21 6 4 27 16 2 1 
5 29 1 2 16 27 4 6 21 12 11 
